1.426200000000000000e+04 5.831450000000000000e+05 1.818181818179999965e-01 4.000000000000000000e+00 4.516312175869999779e-01 1.000000000000000000e+00
1.643000000000000000e+04 6.215820000000000000e+05 2.222222222219999987e-01 2.000000000000000000e+00 2.995543769289999991e-01 1.000000000000000000e+00
1.886700000000000000e+04 6.821210000000000000e+05 3.157894736840000105e-01 2.000000000000000000e+00 5.550794548890000124e-01 1.000000000000000000e+00
1.600300000000000000e+04 6.140710000000000000e+05 3.157894736840000105e-01 2.000000000000000000e+00 5.581094679460000263e-01 1.000000000000000000e+00
1.087500000000000000e+04 5.069630000000000000e+05 7.692307692310000611e-02 6.000000000000000000e+00 5.126073396529999826e-01 0.000000000000000000e+00
1.420500000000000000e+04 5.820650000000000000e+05 4.516129032260000065e-01 1.000000000000000000e+00 7.511892829080000222e-01 1.000000000000000000e+00
1.087100000000000000e+04 5.069360000000000000e+05 0.000000000000000000e+00 4.000000000000000000e+00 3.046155358159999826e-01 0.000000000000000000e+00
1.417600000000000000e+04 5.817010000000000000e+05 8.000000000000000167e-02 2.000000000000000000e+00 3.406312588100000038e-01 1.000000000000000000e+00
1.082400000000000000e+04 5.065550000000000000e+05 1.875000000000000000e-01 1.100000000000000000e+01 6.694404074769999546e-01 0.000000000000000000e+00
1.876700000000000000e+04 6.807840000000000000e+05 3.636363636359999929e-01 1.000000000000000000e+00 6.040972445840000482e-01 1.000000000000000000e+00
1.349600000000000000e+04 5.732640000000000000e+05 5.000000000000000000e-01 3.000000000000000000e+00 7.560566109430000292e-01 1.000000000000000000e+00
1.602700000000000000e+04 6.143110000000000000e+05 2.999999999999999889e-01 4.000000000000000000e+00 6.233303934060000495e-01 1.000000000000000000e+00
1.082700000000000000e+04 5.065730000000000000e+05 1.052631578950000008e-01 1.000000000000000000e+00 4.951066777840000266e-01 0.000000000000000000e+00
1.082300000000000000e+04 5.065880000000000000e+05 0.000000000000000000e+00 2.400000000000000000e+01 2.783265644540000028e-01 0.000000000000000000e+00
1.082300000000000000e+04 5.065490000000000000e+05 0.000000000000000000e+00 1.500000000000000000e+01 1.628778130909999955e-01 0.000000000000000000e+00
1.876400000000000000e+04 6.807230000000000000e+05 4.000000000000000222e-01 6.000000000000000000e+00 6.626449968869999596e-01 1.000000000000000000e+00
1.082300000000000000e+04 5.065840000000000000e+05 0.000000000000000000e+00 2.000000000000000000e+01 1.741195770910000107e-01 0.000000000000000000e+00
1.855000000000000000e+04 6.778380000000000000e+05 4.117647058819999817e-01 2.000000000000000000e+00 9.031963476130000501e-01 1.000000000000000000e+00
1.086700000000000000e+04 5.068810000000000000e+05 4.545454545449999911e-02 2.000000000000000000e+00 4.340860393729999989e-01 0.000000000000000000e+00
1.395100000000000000e+04 5.790420000000000000e+05 4.210526315790000251e-01 3.000000000000000000e+00 7.195662409980000396e-01 1.000000000000000000e+00
1.862700000000000000e+04 6.789680000000000000e+05 4.102564102560000148e-01 2.000000000000000000e+00 8.087002723530000159e-01 1.000000000000000000e+00
1.087100000000000000e+04 5.069370000000000000e+05 1.142857142859999980e-01 3.000000000000000000e+00 5.317393316259999558e-01 0.000000000000000000e+00
1.087700000000000000e+04 5.069610000000000000e+05 6.250000000000000000e-02 1.400000000000000000e+01 4.464805256320000248e-01 0.000000000000000000e+00
1.082300000000000000e+04 5.065580000000000000e+05 0.000000000000000000e+00 6.000000000000000000e+00 2.786411025039999823e-01 0.000000000000000000e+00
1.087900000000000000e+04 5.069620000000000000e+05 7.142857142859999897e-02 1.900000000000000000e+01 6.486006582200000148e-01 0.000000000000000000e+00
1.082300000000000000e+04 5.065860000000000000e+05 0.000000000000000000e+00 2.200000000000000000e+01 3.116754350179999911e-01 0.000000000000000000e+00
1.082300000000000000e+04 5.065510000000000000e+05 2.500000000000000000e-01 1.300000000000000000e+01 6.188847617499999565e-01 0.000000000000000000e+00
1.082800000000000000e+04 5.065910000000000000e+05 0.000000000000000000e+00 1.500000000000000000e+01 0.000000000000000000e+00 0.000000000000000000e+00
1.087900000000000000e+04 5.069580000000000000e+05 0.000000000000000000e+00 2.300000000000000000e+01 5.141359554979999524e-01 0.000000000000000000e+00
1.082700000000000000e+04 5.065680000000000000e+05 1.739130434779999901e-01 6.000000000000000000e+00 6.601798565740000235e-01 0.000000000000000000e+00
1.082800000000000000e+04 5.065510000000000000e+05 1.666666666670000019e-01 2.500000000000000000e+01 4.571034080220000018e-01 0.000000000000000000e+00
1.082800000000000000e+04 5.065820000000000000e+05 0.000000000000000000e+00 6.000000000000000000e+00 1.640581542679999949e-01 0.000000000000000000e+00
1.082400000000000000e+04 5.065820000000000000e+05 0.000000000000000000e+00 1.600000000000000000e+01 1.664085859549999935e-01 0.000000000000000000e+00
1.082300000000000000e+04 5.065630000000000000e+05 1.428571428569999913e-01 1.000000000000000000e+00 4.983164579520000248e-01 0.000000000000000000e+00
1.086800000000000000e+04 5.068740000000000000e+05 0.000000000000000000e+00 9.000000000000000000e+00 2.078863312510000061e-01 0.000000000000000000e+00
1.082700000000000000e+04 5.065480000000000000e+05 0.000000000000000000e+00 2.600000000000000000e+01 3.700064407379999865e-01 0.000000000000000000e+00
1.082800000000000000e+04 5.065480000000000000e+05 0.000000000000000000e+00 2.800000000000000000e+01 3.614618993789999735e-01 0.000000000000000000e+00
1.082400000000000000e+04 5.065610000000000000e+05 2.999999999999999889e-01 5.000000000000000000e+00 6.703864480979999652e-01 1.000000000000000000e+00
1.855100000000000000e+04 6.778510000000000000e+05 3.846153846150000000e-01 3.000000000000000000e+00 7.443557870100000473e-01 1.000000000000000000e+00
1.098100000000000000e+04 5.077480000000000000e+05 4.210526315790000251e-01 1.000000000000000000e+00 6.109004278399999821e-01 1.000000000000000000e+00
1.479300000000000000e+04 5.917010000000000000e+05 3.157894736840000105e-01 2.000000000000000000e+00 3.005536417010000183e-01 1.000000000000000000e+00
1.087100000000000000e+04 5.069390000000000000e+05 1.142857142859999980e-01 1.000000000000000000e+00 5.808434136779999646e-01 1.000000000000000000e+00
1.098300000000000000e+04 5.077520000000000000e+05 1.904761904760000069e-01 1.000000000000000000e+00 5.937782182659999686e-01 1.000000000000000000e+00
1.086700000000000000e+04 5.068940000000000000e+05 0.000000000000000000e+00 1.500000000000000000e+01 3.695033599659999779e-01 0.000000000000000000e+00
1.082300000000000000e+04 5.065500000000000000e+05 1.666666666670000019e-01 1.400000000000000000e+01 5.179785855830000285e-01 0.000000000000000000e+00
1.433800000000000000e+04 5.844040000000000000e+05 3.529411764709999844e-01 2.000000000000000000e+00 5.989713924070000362e-01 1.000000000000000000e+00
1.087100000000000000e+04 5.069340000000000000e+05 7.499999999999999722e-02 6.000000000000000000e+00 4.520932368500000242e-01 0.000000000000000000e+00
1.082400000000000000e+04 5.065500000000000000e+05 1.333333333329999870e-01 1.600000000000000000e+01 4.597392655070000056e-01 0.000000000000000000e+00
1.875600000000000000e+04 6.806530000000000000e+05 1.818181818179999965e-01 1.000000000000000000e+00 5.912612846250000498e-01 1.000000000000000000e+00
1.087100000000000000e+04 5.069350000000000000e+05 0.000000000000000000e+00 5.000000000000000000e+00 1.729957369069999862e-01 0.000000000000000000e+00
1.082800000000000000e+04 5.065720000000000000e+05 7.199999999999999734e-01 4.000000000000000000e+00 8.972050627290000246e-01 0.000000000000000000e+00
1.093400000000000000e+04 5.074670000000000000e+05 4.000000000000000222e-01 1.000000000000000000e+00 7.327775068540000047e-01 1.000000000000000000e+00
2.060700000000000000e+04 7.252590000000000000e+05 2.857142857139999825e-01 3.000000000000000000e+00 6.298383937639999708e-01 1.000000000000000000e+00
1.086800000000000000e+04 5.068840000000000000e+05 0.000000000000000000e+00 1.000000000000000000e+00 3.094098870750000008e-01 0.000000000000000000e+00
1.082700000000000000e+04 5.065620000000000000e+05 4.705882352940000124e-01 1.200000000000000000e+01 7.155913933080000344e-01 0.000000000000000000e+00
1.082400000000000000e+04 5.065840000000000000e+05 0.000000000000000000e+00 1.800000000000000000e+01 1.415247628459999907e-01 0.000000000000000000e+00
1.082400000000000000e+04 5.065460000000000000e+05 1.250000000000000000e-01 2.000000000000000000e+01 5.217208213539999972e-01 0.000000000000000000e+00
1.082400000000000000e+04 5.065690000000000000e+05 3.750000000000000000e-01 3.000000000000000000e+00 6.882173913569999968e-01 0.000000000000000000e+00
2.025300000000000000e+04 7.161960000000000000e+05 2.399999999999999911e-01 4.000000000000000000e+00 5.467231518949999813e-01 1.000000000000000000e+00
1.082700000000000000e+04 5.065870000000000000e+05 0.000000000000000000e+00 1.300000000000000000e+01 3.907552363230000214e-01 0.000000000000000000e+00
1.407700000000000000e+04 5.807610000000000000e+05 3.333333333330000259e-01 1.000000000000000000e+00 3.288555291040000106e-01 1.000000000000000000e+00
1.082300000000000000e+04 5.065530000000000000e+05 1.333333333329999870e-01 1.100000000000000000e+01 5.748135489829999667e-01 0.000000000000000000e+00
1.082400000000000000e+04 5.065650000000000000e+05 1.250000000000000000e-01 1.000000000000000000e+00 3.746446287229999728e-01 0.000000000000000000e+00
1.862400000000000000e+04 6.789590000000000000e+05 5.161290322579999978e-01 1.000000000000000000e+00 8.012409422530000214e-01 1.000000000000000000e+00
1.474100000000000000e+04 5.908060000000000000e+05 1.666666666670000019e-01 4.000000000000000000e+00 4.798900855870000259e-01 1.000000000000000000e+00
1.089400000000000000e+04 5.071070000000000000e+05 2.285714285709999904e-01 1.000000000000000000e+00 7.137387068589999828e-01 1.000000000000000000e+00
1.348500000000000000e+04 5.732370000000000000e+05 7.692307692309999778e-01 2.000000000000000000e+00 7.781717269169999840e-01 1.000000000000000000e+00
1.082800000000000000e+04 5.065700000000000000e+05 0.000000000000000000e+00 6.000000000000000000e+00 3.755005316319999786e-01 0.000000000000000000e+00
1.082800000000000000e+04 5.065530000000000000e+05 1.739130434779999901e-01 2.300000000000000000e+01 6.369562641079999921e-01 0.000000000000000000e+00
1.098200000000000000e+04 5.077500000000000000e+05 2.608695652169999990e-01 1.000000000000000000e+00 4.925528816449999958e-01 1.000000000000000000e+00
1.086700000000000000e+04 5.069000000000000000e+05 0.000000000000000000e+00 2.100000000000000000e+01 0.000000000000000000e+00 0.000000000000000000e+00
1.086700000000000000e+04 5.068910000000000000e+05 0.000000000000000000e+00 1.200000000000000000e+01 1.519478443199999973e-01 0.000000000000000000e+00
1.408800000000000000e+04 5.810830000000000000e+05 6.153846153850000000e-01 1.000000000000000000e+00 7.755948029220000040e-01 1.000000000000000000e+00
1.128400000000000000e+04 5.118930000000000000e+05 4.444444444439999975e-01 1.000000000000000000e+00 6.705444654869999743e-01 1.000000000000000000e+00
1.086800000000000000e+04 5.068870000000000000e+05 0.000000000000000000e+00 4.000000000000000000e+00 2.102112820729999942e-01 0.000000000000000000e+00
1.086800000000000000e+04 5.068820000000000000e+05 0.000000000000000000e+00 1.000000000000000000e+00 3.324991196329999954e-01 0.000000000000000000e+00
1.086700000000000000e+04 5.068930000000000000e+05 0.000000000000000000e+00 1.400000000000000000e+01 1.886114510459999949e-01 0.000000000000000000e+00
1.724000000000000000e+04 6.399230000000000000e+05 2.399999999999999911e-01 1.000000000000000000e+00 6.523850606919999739e-01 1.000000000000000000e+00
1.086800000000000000e+04 5.068930000000000000e+05 0.000000000000000000e+00 1.000000000000000000e+01 1.736753287239999888e-01 0.000000000000000000e+00
1.349500000000000000e+04 5.732640000000000000e+05 4.166666666669999741e-01 2.000000000000000000e+00 6.770419520660000412e-01 1.000000000000000000e+00
1.127100000000000000e+04 5.116070000000000000e+05 2.500000000000000000e-01 1.000000000000000000e+00 5.272326012970000031e-01 1.000000000000000000e+00
1.082700000000000000e+04 5.065770000000000000e+05 0.000000000000000000e+00 3.000000000000000000e+00 1.838990760060000007e-01 0.000000000000000000e+00
1.086800000000000000e+04 5.068860000000000000e+05 0.000000000000000000e+00 3.000000000000000000e+00 1.797460034170000054e-01 0.000000000000000000e+00
1.122900000000000000e+04 5.111560000000000000e+05 2.857142857139999825e-01 3.000000000000000000e+00 6.012281457629999881e-01 1.000000000000000000e+00
1.087100000000000000e+04 5.069480000000000000e+05 0.000000000000000000e+00 8.000000000000000000e+00 1.270788568389999984e-01 0.000000000000000000e+00
1.082400000000000000e+04 5.065480000000000000e+05 0.000000000000000000e+00 1.800000000000000000e+01 3.095019814250000167e-01 0.000000000000000000e+00
1.082300000000000000e+04 5.065890000000000000e+05 0.000000000000000000e+00 2.500000000000000000e+01 2.796012031790000019e-01 0.000000000000000000e+00
1.677900000000000000e+04 6.288470000000000000e+05 9.523809523810000677e-02 1.000000000000000000e+00 4.505722246180000057e-01 1.000000000000000000e+00
1.082800000000000000e+04 5.065650000000000000e+05 9.523809523810000677e-02 1.100000000000000000e+01 4.058087515020000202e-01 0.000000000000000000e+00
1.082700000000000000e+04 5.065540000000000000e+05 0.000000000000000000e+00 2.000000000000000000e+01 2.505443319449999762e-01 0.000000000000000000e+00
1.429000000000000000e+04 5.838100000000000000e+05 1.481481481480000084e-01 2.000000000000000000e+00 4.325718664980000017e-01 1.000000000000000000e+00
1.098000000000000000e+04 5.077460000000000000e+05 3.157894736840000105e-01 1.000000000000000000e+00 4.993140797219999816e-01 1.000000000000000000e+00
1.082400000000000000e+04 5.065910000000000000e+05 0.000000000000000000e+00 2.500000000000000000e+01 0.000000000000000000e+00 0.000000000000000000e+00
1.086700000000000000e+04 5.068980000000000000e+05 0.000000000000000000e+00 1.900000000000000000e+01 2.247229663339999906e-01 0.000000000000000000e+00
1.087100000000000000e+04 5.069440000000000000e+05 0.000000000000000000e+00 4.000000000000000000e+00 1.052161784300000014e-01 0.000000000000000000e+00
1.426100000000000000e+04 5.831450000000000000e+05 2.222222222219999987e-01 2.000000000000000000e+00 4.914898538220000002e-01 1.000000000000000000e+00
1.855200000000000000e+04 6.778510000000000000e+05 3.448275862069999920e-01 3.000000000000000000e+00 7.308091149750000071e-01 1.000000000000000000e+00
1.082400000000000000e+04 5.065780000000000000e+05 0.000000000000000000e+00 1.200000000000000000e+01 2.174674254189999933e-01 0.000000000000000000e+00
1.086800000000000000e+04 5.068750000000000000e+05 0.000000000000000000e+00 8.000000000000000000e+00 2.409301395519999889e-01 0.000000000000000000e+00
1.086700000000000000e+04 5.068740000000000000e+05 0.000000000000000000e+00 5.000000000000000000e+00 2.107692095339999960e-01 0.000000000000000000e+00
1.082800000000000000e+04 5.065460000000000000e+05 9.523809523810000677e-02 3.000000000000000000e+01 5.106867708069999789e-01 0.000000000000000000e+00
1.082300000000000000e+04 5.065480000000000000e+05 0.000000000000000000e+00 1.600000000000000000e+01 3.131615882959999930e-01 0.000000000000000000e+00
1.082400000000000000e+04 5.065750000000000000e+05 1.250000000000000000e-01 9.000000000000000000e+00 3.746446287229999728e-01 0.000000000000000000e+00
1.082300000000000000e+04 5.065550000000000000e+05 3.076923076920000111e-01 9.000000000000000000e+00 7.467251394370000295e-01 0.000000000000000000e+00
1.082800000000000000e+04 5.065540000000000000e+05 0.000000000000000000e+00 2.200000000000000000e+01 2.386084905389999899e-01 0.000000000000000000e+00
1.082700000000000000e+04 5.065840000000000000e+05 0.000000000000000000e+00 1.000000000000000000e+01 1.867143018580000036e-01 0.000000000000000000e+00
1.082700000000000000e+04 5.065600000000000000e+05 1.250000000000000000e-01 1.400000000000000000e+01 5.351528544970000079e-01 0.000000000000000000e+00
1.082800000000000000e+04 5.065670000000000000e+05 0.000000000000000000e+00 9.000000000000000000e+00 3.788481597000000201e-01 0.000000000000000000e+00
1.082800000000000000e+04 5.065800000000000000e+05 0.000000000000000000e+00 4.000000000000000000e+00 1.183223031139999937e-01 0.000000000000000000e+00
1.082700000000000000e+04 5.065860000000000000e+05 0.000000000000000000e+00 1.200000000000000000e+01 3.535032691250000192e-01 0.000000000000000000e+00
1.082400000000000000e+04 5.065870000000000000e+05 0.000000000000000000e+00 2.100000000000000000e+01 3.314882434859999782e-01 0.000000000000000000e+00
1.082800000000000000e+04 5.065870000000000000e+05 0.000000000000000000e+00 1.100000000000000000e+01 3.899570370439999767e-01 0.000000000000000000e+00
1.876800000000000000e+04 6.807880000000000000e+05 2.666666666670000074e-01 2.000000000000000000e+00 6.204253937610000325e-01 1.000000000000000000e+00
1.828000000000000000e+04 6.754420000000000000e+05 1.199999999999999956e-01 1.000000000000000000e+00 5.266199070150000550e-01 1.000000000000000000e+00
1.094000000000000000e+04 5.075060000000000000e+05 4.000000000000000222e-01 1.000000000000000000e+00 7.543398177450000297e-01 1.000000000000000000e+00
1.395200000000000000e+04 5.790540000000000000e+05 3.333333333330000259e-01 3.000000000000000000e+00 6.594722834389999955e-01 1.000000000000000000e+00
1.407000000000000000e+04 5.807390000000000000e+05 3.529411764709999844e-01 1.000000000000000000e+00 5.390163934939999901e-01 1.000000000000000000e+00
1.082300000000000000e+04 5.065460000000000000e+05 1.538461538460000055e-01 1.800000000000000000e+01 5.872932249110000003e-01 0.000000000000000000e+00
1.082400000000000000e+04 5.065540000000000000e+05 0.000000000000000000e+00 1.200000000000000000e+01 2.149548591419999932e-01 0.000000000000000000e+00
1.348800000000000000e+04 5.732460000000000000e+05 7.058823529409999908e-01 2.000000000000000000e+00 8.190670881029999961e-01 1.000000000000000000e+00
1.082800000000000000e+04 5.065900000000000000e+05 0.000000000000000000e+00 1.400000000000000000e+01 2.121996322180000061e-01 0.000000000000000000e+00
1.082700000000000000e+04 5.065630000000000000e+05 1.052631578950000008e-01 1.100000000000000000e+01 4.951066777840000266e-01 0.000000000000000000e+00
1.121100000000000000e+04 5.108080000000000000e+05 1.333333333329999870e-01 1.000000000000000000e+00 3.644038564539999747e-01 1.000000000000000000e+00
1.082700000000000000e+04 5.065560000000000000e+05 0.000000000000000000e+00 1.800000000000000000e+01 1.980372857340000070e-01 0.000000000000000000e+00
1.082300000000000000e+04 5.065800000000000000e+05 0.000000000000000000e+00 1.600000000000000000e+01 1.624029700430000001e-01 0.000000000000000000e+00
1.094600000000000000e+04 5.075430000000000000e+05 1.923076923079999889e-01 1.000000000000000000e+00 6.822451017670000395e-01 1.000000000000000000e+00
1.086700000000000000e+04 5.068970000000000000e+05 0.000000000000000000e+00 1.800000000000000000e+01 2.931039709150000117e-01 0.000000000000000000e+00
1.123100000000000000e+04 5.111630000000000000e+05 2.962962962960000168e-01 2.000000000000000000e+00 5.796944160700000515e-01 1.000000000000000000e+00
1.087100000000000000e+04 5.069330000000000000e+05 0.000000000000000000e+00 7.000000000000000000e+00 2.564712028180000103e-01 0.000000000000000000e+00
1.082700000000000000e+04 5.065490000000000000e+05 0.000000000000000000e+00 2.500000000000000000e+01 1.471190664860000108e-01 0.000000000000000000e+00
1.720500000000000000e+04 6.389040000000000000e+05 2.399999999999999911e-01 1.000000000000000000e+00 6.424160678729999852e-01 1.000000000000000000e+00
1.101300000000000000e+04 5.080950000000000000e+05 3.076923076920000111e-01 1.000000000000000000e+00 6.191416603789999806e-01 1.000000000000000000e+00
1.876200000000000000e+04 6.807040000000000000e+05 2.000000000000000111e-01 7.000000000000000000e+00 5.682730554930000011e-01 1.000000000000000000e+00
1.087100000000000000e+04 5.069500000000000000e+05 0.000000000000000000e+00 1.000000000000000000e+01 3.271951372470000008e-01 0.000000000000000000e+00
1.086800000000000000e+04 5.068780000000000000e+05 1.904761904760000069e-01 5.000000000000000000e+00 7.139812779340000137e-01 0.000000000000000000e+00
1.103100000000000000e+04 5.081880000000000000e+05 3.809523809520000137e-01 1.000000000000000000e+00 7.457619248819999935e-01 1.000000000000000000e+00
1.888600000000000000e+04 6.824250000000000000e+05 2.222222222219999987e-01 1.000000000000000000e+00 4.246711180689999865e-01 1.000000000000000000e+00
1.082700000000000000e+04 5.065610000000000000e+05 2.727272727269999808e-01 1.300000000000000000e+01 6.625912763569999919e-01 0.000000000000000000e+00
1.082400000000000000e+04 5.065580000000000000e+05 0.000000000000000000e+00 8.000000000000000000e+00 2.157760395680000109e-01 0.000000000000000000e+00
1.086800000000000000e+04 5.068760000000000000e+05 2.352941176470000062e-01 7.000000000000000000e+00 6.330134496460000371e-01 0.000000000000000000e+00
1.101500000000000000e+04 5.081000000000000000e+05 2.758620689660000180e-01 1.000000000000000000e+00 6.201715185770000360e-01 1.000000000000000000e+00
1.408600000000000000e+04 5.810730000000000000e+05 5.937500000000000000e-01 1.000000000000000000e+00 7.972793126239999806e-01 1.000000000000000000e+00
1.082800000000000000e+04 5.065560000000000000e+05 0.000000000000000000e+00 2.000000000000000000e+01 2.091671059830000068e-01 0.000000000000000000e+00
1.092900000000000000e+04 5.074310000000000000e+05 2.926829268289999897e-01 1.000000000000000000e+00 6.777091354800000023e-01 1.000000000000000000e+00
1.082700000000000000e+04 5.065700000000000000e+05 0.000000000000000000e+00 4.000000000000000000e+00 4.039526769360000102e-01 0.000000000000000000e+00
1.092700000000000000e+04 5.074220000000000000e+05 2.857142857139999825e-01 1.000000000000000000e+00 7.099402360859999872e-01 1.000000000000000000e+00
1.082800000000000000e+04 5.065860000000000000e+05 0.000000000000000000e+00 1.000000000000000000e+01 3.742481359500000049e-01 0.000000000000000000e+00
1.082700000000000000e+04 5.065690000000000000e+05 3.333333333330000259e-01 5.000000000000000000e+00 6.522987619069999798e-01 0.000000000000000000e+00
1.888000000000000000e+04 6.823460000000000000e+05 2.608695652169999990e-01 1.000000000000000000e+00 5.219621642989999977e-01 1.000000000000000000e+00
2.014700000000000000e+04 7.147560000000000000e+05 4.347826086959999947e-01 8.000000000000000000e+00 6.887145973660000475e-01 1.000000000000000000e+00
1.087900000000000000e+04 5.069800000000000000e+05 4.000000000000000222e-01 1.000000000000000000e+00 8.441368451509999593e-01 1.000000000000000000e+00
1.419900000000000000e+04 5.820370000000000000e+05 4.545454545450000050e-01 1.000000000000000000e+00 7.102621288849999548e-01 1.000000000000000000e+00
1.144000000000000000e+04 5.170960000000000000e+05 4.848484848480000275e-01 1.000000000000000000e+00 8.239604238059999863e-01 1.000000000000000000e+00
1.419800000000000000e+04 5.820310000000000000e+05 3.076923076920000111e-01 2.000000000000000000e+00 5.404700324229999575e-01 1.000000000000000000e+00
1.086800000000000000e+04 5.068770000000000000e+05 0.000000000000000000e+00 6.000000000000000000e+00 2.894742730779999995e-01 0.000000000000000000e+00
1.854900000000000000e+04 6.778380000000000000e+05 5.000000000000000000e-01 3.000000000000000000e+00 8.681539822139999751e-01 1.000000000000000000e+00
1.082700000000000000e+04 5.065670000000000000e+05 0.000000000000000000e+00 7.000000000000000000e+00 3.802010805159999896e-01 0.000000000000000000e+00
1.102500000000000000e+04 5.081700000000000000e+05 1.935483870970000075e-01 1.000000000000000000e+00 6.738149501689999488e-01 1.000000000000000000e+00
1.721100000000000000e+04 6.389380000000000000e+05 3.030303030300000033e-01 1.000000000000000000e+00 5.913492632340000554e-01 1.000000000000000000e+00
1.087100000000000000e+04 5.069450000000000000e+05 0.000000000000000000e+00 5.000000000000000000e+00 1.674242240519999980e-01 0.000000000000000000e+00
1.721300000000000000e+04 6.389500000000000000e+05 2.424242424240000138e-01 1.000000000000000000e+00 6.737331217309999731e-01 1.000000000000000000e+00
1.124200000000000000e+04 5.112730000000000000e+05 4.000000000000000222e-01 1.000000000000000000e+00 7.304574242260000183e-01 1.000000000000000000e+00
1.082800000000000000e+04 5.065550000000000000e+05 1.904761904760000069e-01 2.100000000000000000e+01 6.510299232480000198e-01 0.000000000000000000e+00
1.350200000000000000e+04 5.733530000000000000e+05 2.162162162160000123e-01 4.000000000000000000e+00 7.111164675279999514e-01 1.000000000000000000e+00
1.086700000000000000e+04 5.068860000000000000e+05 0.000000000000000000e+00 7.000000000000000000e+00 1.643757683210000098e-01 0.000000000000000000e+00
1.082400000000000000e+04 5.065520000000000000e+05 0.000000000000000000e+00 1.400000000000000000e+01 3.143127568030000263e-01 0.000000000000000000e+00
1.086700000000000000e+04 5.068960000000000000e+05 0.000000000000000000e+00 1.700000000000000000e+01 3.171533891150000173e-01 0.000000000000000000e+00
1.082700000000000000e+04 5.065550000000000000e+05 2.777777777780000013e-01 1.900000000000000000e+01 7.523243566339999910e-01 0.000000000000000000e+00
1.082400000000000000e+04 5.065730000000000000e+05 0.000000000000000000e+00 7.000000000000000000e+00 3.857765454620000201e-01 0.000000000000000000e+00
1.082700000000000000e+04 5.065850000000000000e+05 0.000000000000000000e+00 1.100000000000000000e+01 4.635550891960000253e-01 0.000000000000000000e+00
1.100900000000000000e+04 5.080850000000000000e+05 4.210526315790000251e-01 1.000000000000000000e+00 6.728093354740000143e-01 1.000000000000000000e+00
1.114100000000000000e+04 5.094720000000000000e+05 3.333333333330000259e-01 3.000000000000000000e+00 7.381418292779999835e-01 1.000000000000000000e+00
1.082400000000000000e+04 5.065600000000000000e+05 1.428571428569999913e-01 6.000000000000000000e+00 3.940703949439999798e-01 0.000000000000000000e+00
2.022000000000000000e+04 7.157310000000000000e+05 4.705882352940000124e-01 1.000000000000000000e+00 8.293777312250000255e-01 1.000000000000000000e+00
1.349300000000000000e+04 5.732600000000000000e+05 5.862068965519999786e-01 2.000000000000000000e+00 8.237909292159999453e-01 1.000000000000000000e+00
1.082300000000000000e+04 5.065780000000000000e+05 0.000000000000000000e+00 1.400000000000000000e+01 2.126705975569999907e-01 0.000000000000000000e+00
1.086800000000000000e+04 5.068990000000000000e+05 0.000000000000000000e+00 1.600000000000000000e+01 1.985156619350000040e-01 0.000000000000000000e+00
1.862800000000000000e+04 6.789750000000000000e+05 3.809523809520000137e-01 1.000000000000000000e+00 7.521784722590000305e-01 1.000000000000000000e+00
1.350000000000000000e+04 5.733530000000000000e+05 2.285714285709999904e-01 2.000000000000000000e+00 6.984860938889999593e-01 1.000000000000000000e+00
1.082400000000000000e+04 5.065810000000000000e+05 0.000000000000000000e+00 1.500000000000000000e+01 2.468152996740000105e-01 0.000000000000000000e+00
1.086800000000000000e+04 5.068700000000000000e+05 0.000000000000000000e+00 1.300000000000000000e+01 3.862788880460000240e-01 0.000000000000000000e+00
1.082300000000000000e+04 5.065870000000000000e+05 0.000000000000000000e+00 2.300000000000000000e+01 3.464840265199999880e-01 0.000000000000000000e+00
1.087500000000000000e+04 5.069620000000000000e+05 7.692307692310000611e-02 7.000000000000000000e+00 6.517515825320000511e-01 0.000000000000000000e+00
1.082400000000000000e+04 5.065590000000000000e+05 2.222222222219999987e-01 7.000000000000000000e+00 6.070860262110000516e-01 0.000000000000000000e+00
1.089300000000000000e+04 5.071010000000000000e+05 2.727272727269999808e-01 1.000000000000000000e+00 6.869686786690000213e-01 1.000000000000000000e+00
1.082400000000000000e+04 5.065680000000000000e+05 1.904761904760000069e-01 2.000000000000000000e+00 6.797807360030000412e-01 0.000000000000000000e+00
1.103200000000000000e+04 5.081920000000000000e+05 1.818181818179999965e-01 1.000000000000000000e+00 4.923171638889999868e-01 1.000000000000000000e+00
1.086800000000000000e+04 5.068730000000000000e+05 1.052631578950000008e-01 1.000000000000000000e+01 4.276018828920000181e-01 0.000000000000000000e+00
1.349200000000000000e+04 5.732550000000000000e+05 4.285714285710000016e-01 4.000000000000000000e+00 8.434743724180000513e-01 1.000000000000000000e+00
1.407400000000000000e+04 5.807500000000000000e+05 6.153846153850000000e-01 1.000000000000000000e+00 7.183330470100000031e-01 1.000000000000000000e+00
1.082800000000000000e+04 5.065850000000000000e+05 0.000000000000000000e+00 9.000000000000000000e+00 4.641904682540000104e-01 0.000000000000000000e+00
1.406000000000000000e+04 5.806760000000000000e+05 3.333333333330000259e-01 2.000000000000000000e+00 6.061508142110000330e-01 1.000000000000000000e+00
1.091700000000000000e+04 5.073140000000000000e+05 2.500000000000000000e-01 3.000000000000000000e+00 3.326282492550000081e-01 1.000000000000000000e+00
1.082300000000000000e+04 5.065520000000000000e+05 0.000000000000000000e+00 1.200000000000000000e+01 3.351581412379999736e-01 0.000000000000000000e+00
1.082300000000000000e+04 5.065610000000000000e+05 3.529411764709999844e-01 3.000000000000000000e+00 6.836114619549999993e-01 1.000000000000000000e+00
1.349400000000000000e+04 5.732600000000000000e+05 5.428571428570000412e-01 3.000000000000000000e+00 8.415003522939999980e-01 1.000000000000000000e+00
1.094300000000000000e+04 5.075320000000000000e+05 2.857142857139999825e-01 2.000000000000000000e+00 5.752959086590000437e-01 1.000000000000000000e+00
1.348900000000000000e+04 5.732490000000000000e+05 5.833333333329999704e-01 2.000000000000000000e+00 7.368990454299999548e-01 1.000000000000000000e+00
1.082700000000000000e+04 5.065750000000000000e+05 0.000000000000000000e+00 1.000000000000000000e+00 4.140565952299999908e-01 0.000000000000000000e+00
1.082800000000000000e+04 5.065590000000000000e+05 1.739130434779999901e-01 1.700000000000000000e+01 5.719555493250000344e-01 0.000000000000000000e+00
1.082400000000000000e+04 5.065530000000000000e+05 1.666666666670000019e-01 1.300000000000000000e+01 6.309314792010000117e-01 0.000000000000000000e+00
1.086800000000000000e+04 5.068690000000000000e+05 0.000000000000000000e+00 1.400000000000000000e+01 3.582798993949999899e-01 0.000000000000000000e+00
1.087500000000000000e+04 5.069590000000000000e+05 0.000000000000000000e+00 1.000000000000000000e+01 4.353563956689999737e-01 0.000000000000000000e+00
1.087700000000000000e+04 5.069600000000000000e+05 0.000000000000000000e+00 1.500000000000000000e+01 4.473620927190000152e-01 0.000000000000000000e+00
1.093600000000000000e+04 5.074690000000000000e+05 4.210526315790000251e-01 7.000000000000000000e+00 6.185810908279999465e-01 1.000000000000000000e+00
1.124100000000000000e+04 5.112670000000000000e+05 3.333333333330000259e-01 1.000000000000000000e+00 7.114388231249999528e-01 1.000000000000000000e+00
1.474500000000000000e+04 5.908670000000000000e+05 6.060606060609999984e-02 2.000000000000000000e+00 3.711109543560000001e-01 1.000000000000000000e+00
1.082300000000000000e+04 5.065680000000000000e+05 2.222222222219999987e-01 4.000000000000000000e+00 6.778115218729999780e-01 0.000000000000000000e+00
1.854700000000000000e+04 6.778260000000000000e+05 4.444444444439999975e-01 3.000000000000000000e+00 7.537229638360000150e-01 1.000000000000000000e+00
1.082400000000000000e+04 5.065800000000000000e+05 0.000000000000000000e+00 1.400000000000000000e+01 1.524558430450000113e-01 0.000000000000000000e+00
1.093100000000000000e+04 5.074370000000000000e+05 1.600000000000000033e-01 1.000000000000000000e+00 6.571752428410000402e-01 1.000000000000000000e+00
1.082700000000000000e+04 5.065890000000000000e+05 0.000000000000000000e+00 1.500000000000000000e+01 2.516722062680000205e-01 0.000000000000000000e+00
1.696100000000000000e+04 6.334490000000000000e+05 4.000000000000000222e-01 1.000000000000000000e+00 7.368988319620000116e-01 1.000000000000000000e+00
1.113700000000000000e+04 5.094620000000000000e+05 4.444444444439999975e-01 3.000000000000000000e+00 7.088557329789999528e-01 1.000000000000000000e+00
1.082300000000000000e+04 5.065540000000000000e+05 0.000000000000000000e+00 1.000000000000000000e+01 2.407638944590000107e-01 0.000000000000000000e+00
1.720900000000000000e+04 6.389290000000000000e+05 1.481481481480000084e-01 1.000000000000000000e+00 5.943869805870000134e-01 1.000000000000000000e+00
1.087100000000000000e+04 5.069490000000000000e+05 0.000000000000000000e+00 9.000000000000000000e+00 3.962630130729999922e-01 0.000000000000000000e+00
1.082800000000000000e+04 5.065750000000000000e+05 9.523809523810000677e-02 1.000000000000000000e+00 4.058087515020000202e-01 0.000000000000000000e+00
1.113000000000000000e+04 5.094020000000000000e+05 3.414634146339999843e-01 2.000000000000000000e+00 6.384039184359999730e-01 1.000000000000000000e+00
1.117600000000000000e+04 5.097840000000000000e+05 3.529411764709999844e-01 1.000000000000000000e+00 5.640481858729999853e-01 1.000000000000000000e+00
1.406100000000000000e+04 5.806810000000000000e+05 3.125000000000000000e-01 2.000000000000000000e+00 5.882378835929999994e-01 1.000000000000000000e+00
1.082300000000000000e+04 5.065720000000000000e+05 4.705882352940000124e-01 8.000000000000000000e+00 6.984486146870000356e-01 0.000000000000000000e+00
1.420000000000000000e+04 5.820400000000000000e+05 4.000000000000000222e-01 2.000000000000000000e+00 7.388465000020000284e-01 1.000000000000000000e+00
1.407100000000000000e+04 5.807420000000000000e+05 2.857142857139999825e-01 1.000000000000000000e+00 5.126482116870000327e-01 1.000000000000000000e+00
1.426600000000000000e+04 5.831630000000000000e+05 4.186046511629999967e-01 1.000000000000000000e+00 7.485356880769999943e-01 1.000000000000000000e+00
1.096200000000000000e+04 5.076300000000000000e+05 3.333333333330000259e-01 1.000000000000000000e+00 6.264073395679999878e-01 1.000000000000000000e+00
1.082800000000000000e+04 5.065840000000000000e+05 0.000000000000000000e+00 8.000000000000000000e+00 1.580538529830000094e-01 0.000000000000000000e+00
1.087100000000000000e+04 5.069520000000000000e+05 0.000000000000000000e+00 1.200000000000000000e+01 2.670171085560000268e-01 0.000000000000000000e+00
1.876500000000000000e+04 6.807230000000000000e+05 4.000000000000000222e-01 1.200000000000000000e+01 6.626449968869999596e-01 1.000000000000000000e+00
1.082800000000000000e+04 5.065490000000000000e+05 0.000000000000000000e+00 2.700000000000000000e+01 1.533977159229999998e-01 0.000000000000000000e+00
1.349100000000000000e+04 5.732550000000000000e+05 6.250000000000000000e-01 3.000000000000000000e+00 7.989201789050000002e-01 1.000000000000000000e+00
1.086700000000000000e+04 5.068850000000000000e+05 0.000000000000000000e+00 6.000000000000000000e+00 4.174957337199999841e-01 0.000000000000000000e+00
1.091800000000000000e+04 5.073180000000000000e+05 3.125000000000000000e-01 1.000000000000000000e+00 4.823849533719999916e-01 1.000000000000000000e+00
1.093800000000000000e+04 5.075000000000000000e+05 4.000000000000000222e-01 1.000000000000000000e+00 7.423228975979999644e-01 1.000000000000000000e+00
1.087100000000000000e+04 5.069550000000000000e+05 0.000000000000000000e+00 1.500000000000000000e+01 0.000000000000000000e+00 0.000000000000000000e+00
1.473600000000000000e+04 5.907660000000000000e+05 1.052631578950000008e-01 2.000000000000000000e+00 3.169765457929999974e-01 1.000000000000000000e+00
1.082300000000000000e+04 5.065710000000000000e+05 2.727272727269999808e-01 7.000000000000000000e+00 6.593200310510000106e-01 0.000000000000000000e+00
1.433700000000000000e+04 5.844040000000000000e+05 3.333333333330000259e-01 1.000000000000000000e+00 5.914166494189999623e-01 1.000000000000000000e+00
1.082400000000000000e+04 5.065710000000000000e+05 2.399999999999999911e-01 5.000000000000000000e+00 6.805346588139999930e-01 0.000000000000000000e+00
1.429100000000000000e+04 5.838140000000000000e+05 3.157894736840000105e-01 1.000000000000000000e+00 6.005104977940000088e-01 1.000000000000000000e+00
1.840800000000000000e+04 6.769180000000000000e+05 2.000000000000000111e-01 5.000000000000000000e+00 6.255771909959999544e-01 1.000000000000000000e+00
1.082800000000000000e+04 5.065810000000000000e+05 0.000000000000000000e+00 5.000000000000000000e+00 2.435657334409999930e-01 0.000000000000000000e+00
1.082700000000000000e+04 5.065510000000000000e+05 1.904761904760000069e-01 2.300000000000000000e+01 5.653880771649999470e-01 0.000000000000000000e+00
1.348600000000000000e+04 5.732400000000000000e+05 8.888888888889999729e-01 2.000000000000000000e+00 9.104883187469999806e-01 1.000000000000000000e+00
1.086800000000000000e+04 5.068980000000000000e+05 0.000000000000000000e+00 1.500000000000000000e+01 2.445816247429999923e-01 0.000000000000000000e+00
1.426700000000000000e+04 5.831680000000000000e+05 2.000000000000000111e-01 1.000000000000000000e+00 5.622988038830000201e-01 1.000000000000000000e+00
1.114500000000000000e+04 5.094830000000000000e+05 3.076923076920000111e-01 3.000000000000000000e+00 6.524420750020000215e-01 1.000000000000000000e+00
1.116000000000000000e+04 5.096020000000000000e+05 1.818181818179999965e-01 9.000000000000000000e+00 5.920951231769999712e-01 1.000000000000000000e+00
1.087100000000000000e+04 5.069540000000000000e+05 0.000000000000000000e+00 1.400000000000000000e+01 1.992957737809999963e-01 0.000000000000000000e+00
1.694700000000000000e+04 6.333680000000000000e+05 5.161290322579999978e-01 1.000000000000000000e+00 8.141129842690000284e-01 1.000000000000000000e+00
1.082400000000000000e+04 5.065490000000000000e+05 0.000000000000000000e+00 1.700000000000000000e+01 1.727828745170000013e-01 0.000000000000000000e+00
1.082700000000000000e+04 5.065710000000000000e+05 3.703703703699999794e-01 3.000000000000000000e+00 7.878422659479999979e-01 1.000000000000000000e+00
1.097000000000000000e+04 5.076810000000000000e+05 2.399999999999999911e-01 1.000000000000000000e+00 5.005176284979999668e-01 1.000000000000000000e+00
1.862600000000000000e+04 6.789680000000000000e+05 6.153846153850000000e-01 1.000000000000000000e+00 7.776620013339999860e-01 1.000000000000000000e+00
1.086700000000000000e+04 5.068840000000000000e+05 0.000000000000000000e+00 5.000000000000000000e+00 3.475712695989999768e-01 0.000000000000000000e+00
1.086700000000000000e+04 5.068950000000000000e+05 0.000000000000000000e+00 1.600000000000000000e+01 2.904662347799999988e-01 0.000000000000000000e+00
1.876900000000000000e+04 6.807940000000000000e+05 3.913043478259999874e-01 1.000000000000000000e+00 7.278787292839999923e-01 1.000000000000000000e+00
1.087700000000000000e+04 5.069620000000000000e+05 9.090909090910000157e-02 1.300000000000000000e+01 6.791460242639999478e-01 0.000000000000000000e+00
1.082800000000000000e+04 5.065620000000000000e+05 4.000000000000000222e-01 1.400000000000000000e+01 7.176125008039999642e-01 0.000000000000000000e+00
1.082400000000000000e+04 5.065890000000000000e+05 0.000000000000000000e+00 2.300000000000000000e+01 2.384276971940000045e-01 0.000000000000000000e+00
1.086800000000000000e+04 5.068940000000000000e+05 0.000000000000000000e+00 1.100000000000000000e+01 4.553826348039999861e-01 0.000000000000000000e+00
1.628700000000000000e+04 6.194790000000000000e+05 1.481481481480000084e-01 3.000000000000000000e+00 3.924327019400000172e-01 1.000000000000000000e+00
1.082700000000000000e+04 5.065810000000000000e+05 0.000000000000000000e+00 7.000000000000000000e+00 2.510512167699999742e-01 0.000000000000000000e+00
2.014800000000000000e+04 7.147670000000000000e+05 3.157894736840000105e-01 3.000000000000000000e+00 5.201366024910000219e-01 1.000000000000000000e+00
1.721400000000000000e+04 6.389530000000000000e+05 2.222222222219999987e-01 1.000000000000000000e+00 7.151916258020000194e-01 1.000000000000000000e+00
1.087100000000000000e+04 5.069530000000000000e+05 0.000000000000000000e+00 1.300000000000000000e+01 2.093734947600000007e-01 0.000000000000000000e+00
1.082800000000000000e+04 5.065580000000000000e+05 0.000000000000000000e+00 1.800000000000000000e+01 2.379678620010000079e-01 0.000000000000000000e+00
2.022400000000000000e+04 7.157950000000000000e+05 2.000000000000000111e-01 3.000000000000000000e+00 7.070284778019999550e-01 1.000000000000000000e+00
1.082700000000000000e+04 5.065650000000000000e+05 0.000000000000000000e+00 9.000000000000000000e+00 4.140565952299999908e-01 0.000000000000000000e+00
1.087100000000000000e+04 5.069410000000000000e+05 0.000000000000000000e+00 1.000000000000000000e+00 1.393740701550000016e-01 0.000000000000000000e+00
1.082300000000000000e+04 5.065810000000000000e+05 0.000000000000000000e+00 1.700000000000000000e+01 2.400478312419999927e-01 0.000000000000000000e+00
1.096100000000000000e+04 5.076250000000000000e+05 5.000000000000000000e-01 1.000000000000000000e+00 5.582228875239999555e-01 1.000000000000000000e+00
1.091300000000000000e+04 5.072460000000000000e+05 2.142857142859999897e-01 1.000000000000000000e+00 6.399483330199999820e-01 1.000000000000000000e+00
1.871300000000000000e+04 6.800330000000000000e+05 1.052631578950000008e-01 1.000000000000000000e+00 5.249162198590000550e-01 1.000000000000000000e+00
2.025200000000000000e+04 7.161960000000000000e+05 2.608695652169999990e-01 4.000000000000000000e+00 5.441821811829999911e-01 1.000000000000000000e+00
1.349000000000000000e+04 5.732520000000000000e+05 4.347826086959999947e-01 2.000000000000000000e+00 6.684926847340000311e-01 1.000000000000000000e+00
1.086800000000000000e+04 5.068950000000000000e+05 0.000000000000000000e+00 1.200000000000000000e+01 2.945783119870000188e-01 0.000000000000000000e+00
1.082700000000000000e+04 5.065880000000000000e+05 0.000000000000000000e+00 1.400000000000000000e+01 3.270713249350000185e-01 0.000000000000000000e+00
1.082800000000000000e+04 5.065770000000000000e+05 0.000000000000000000e+00 1.000000000000000000e+00 2.080775824459999979e-01 0.000000000000000000e+00
1.082300000000000000e+04 5.065910000000000000e+05 0.000000000000000000e+00 2.700000000000000000e+01 0.000000000000000000e+00 0.000000000000000000e+00
1.602800000000000000e+04 6.143200000000000000e+05 2.857142857139999825e-01 4.000000000000000000e+00 5.919481605359999676e-01 1.000000000000000000e+00
1.087700000000000000e+04 5.069570000000000000e+05 0.000000000000000000e+00 1.800000000000000000e+01 5.369873827860000004e-01 0.000000000000000000e+00
1.087900000000000000e+04 5.069590000000000000e+05 0.000000000000000000e+00 2.200000000000000000e+01 4.885752743640000006e-01 0.000000000000000000e+00
1.093500000000000000e+04 5.074690000000000000e+05 5.333333333330000370e-01 1.000000000000000000e+00 6.853957047790000257e-01 1.000000000000000000e+00
1.086700000000000000e+04 5.068690000000000000e+05 0.000000000000000000e+00 1.000000000000000000e+01 3.511105990939999977e-01 0.000000000000000000e+00
1.086700000000000000e+04 5.068760000000000000e+05 2.222222222219999987e-01 3.000000000000000000e+00 5.595485276539999830e-01 0.000000000000000000e+00
1.101800000000000000e+04 5.081280000000000000e+05 7.222222222220000543e-01 1.000000000000000000e+00 6.908062836489999858e-01 1.000000000000000000e+00
1.426400000000000000e+04 5.831560000000000000e+05 2.352941176470000062e-01 1.000000000000000000e+00 7.147506249080000096e-01 1.000000000000000000e+00
1.087100000000000000e+04 5.069460000000000000e+05 0.000000000000000000e+00 6.000000000000000000e+00 1.613832046260000042e-01 0.000000000000000000e+00
1.096000000000000000e+04 5.076220000000000000e+05 3.636363636359999929e-01 1.000000000000000000e+00 4.012665880979999766e-01 1.000000000000000000e+00
1.702200000000000000e+04 6.351400000000000000e+05 2.068965517240000107e-01 3.000000000000000000e+00 6.568878117209999701e-01 1.000000000000000000e+00
1.082700000000000000e+04 5.065820000000000000e+05 0.000000000000000000e+00 8.000000000000000000e+00 1.826410723740000130e-01 0.000000000000000000e+00
1.082300000000000000e+04 5.065570000000000000e+05 1.428571428569999913e-01 7.000000000000000000e+00 6.604383875299999485e-01 0.000000000000000000e+00
1.082800000000000000e+04 5.065680000000000000e+05 1.538461538460000055e-01 8.000000000000000000e+00 6.548955462909999969e-01 0.000000000000000000e+00
1.087700000000000000e+04 5.069740000000000000e+05 3.333333333330000259e-01 1.000000000000000000e+00 8.377354872750000236e-01 1.000000000000000000e+00
1.082400000000000000e+04 5.065470000000000000e+05 1.250000000000000000e-01 1.900000000000000000e+01 4.604071797109999808e-01 0.000000000000000000e+00
1.098400000000000000e+04 5.077540000000000000e+05 3.157894736840000105e-01 1.000000000000000000e+00 6.075782580009999601e-01 1.000000000000000000e+00
1.086700000000000000e+04 5.068890000000000000e+05 0.000000000000000000e+00 1.000000000000000000e+01 1.050594363770000067e-01 0.000000000000000000e+00
1.082400000000000000e+04 5.065700000000000000e+05 0.000000000000000000e+00 4.000000000000000000e+00 3.801061057399999776e-01 0.000000000000000000e+00
1.881100000000000000e+04 6.813720000000000000e+05 2.666666666670000074e-01 1.000000000000000000e+00 5.751929937090000111e-01 1.000000000000000000e+00
1.102700000000000000e+04 5.081820000000000000e+05 2.857142857139999825e-01 1.000000000000000000e+00 3.793982166570000203e-01 1.000000000000000000e+00
1.082300000000000000e+04 5.065850000000000000e+05 0.000000000000000000e+00 2.100000000000000000e+01 4.603717841589999860e-01 0.000000000000000000e+00
1.086800000000000000e+04 5.068810000000000000e+05 4.761904761900000171e-02 2.000000000000000000e+00 4.042913458380000269e-01 0.000000000000000000e+00
1.094100000000000000e+04 5.075090000000000000e+05 4.827586206899999732e-01 1.000000000000000000e+00 6.490921382650000071e-01 1.000000000000000000e+00
1.420300000000000000e+04 5.820540000000000000e+05 2.702702702700000015e-01 1.000000000000000000e+00 6.818460235490000354e-01 1.000000000000000000e+00
2.060600000000000000e+04 7.252590000000000000e+05 3.750000000000000000e-01 1.000000000000000000e+00 6.944436401779999768e-01 1.000000000000000000e+00
1.086800000000000000e+04 5.068710000000000000e+05 1.250000000000000000e-01 1.200000000000000000e+01 6.731786604180000078e-01 0.000000000000000000e+00
1.474400000000000000e+04 5.908520000000000000e+05 2.758620689660000180e-01 3.000000000000000000e+00 4.683031644160000062e-01 1.000000000000000000e+00
1.087100000000000000e+04 5.069420000000000000e+05 0.000000000000000000e+00 2.000000000000000000e+00 1.873290400529999955e-01 0.000000000000000000e+00
1.638600000000000000e+04 6.206220000000000000e+05 1.904761904760000069e-01 4.000000000000000000e+00 6.680038349970000011e-01 1.000000000000000000e+00
1.419700000000000000e+04 5.820290000000000000e+05 4.545454545450000050e-01 1.000000000000000000e+00 7.256140083800000085e-01 1.000000000000000000e+00
2.060900000000000000e+04 7.252700000000000000e+05 2.307692307689999944e-01 1.000000000000000000e+00 5.843683785340000325e-01 1.000000000000000000e+00
1.109300000000000000e+04 5.089080000000000000e+05 3.888888888889999729e-01 1.000000000000000000e+00 5.459843017879999483e-01 1.000000000000000000e+00
1.082800000000000000e+04 5.065780000000000000e+05 0.000000000000000000e+00 2.000000000000000000e+00 2.277748424569999985e-01 0.000000000000000000e+00
1.086700000000000000e+04 5.068730000000000000e+05 1.000000000000000056e-01 6.000000000000000000e+00 4.353772129419999914e-01 0.000000000000000000e+00
1.082700000000000000e+04 5.065460000000000000e+05 1.111111111109999994e-01 2.800000000000000000e+01 5.733452758399999460e-01 0.000000000000000000e+00
1.092800000000000000e+04 5.074280000000000000e+05 2.857142857139999825e-01 1.000000000000000000e+00 7.279635909239999814e-01 1.000000000000000000e+00
1.082800000000000000e+04 5.065610000000000000e+05 2.399999999999999911e-01 1.500000000000000000e+01 6.432958069669999501e-01 0.000000000000000000e+00
1.113100000000000000e+04 5.094020000000000000e+05 2.564102564099999815e-01 5.000000000000000000e+00 5.711468354409999781e-01 1.000000000000000000e+00
1.082700000000000000e+04 5.065570000000000000e+05 2.105263157889999959e-01 1.700000000000000000e+01 6.913663592680000525e-01 0.000000000000000000e+00
1.694300000000000000e+04 6.333560000000000000e+05 3.809523809520000137e-01 1.000000000000000000e+00 7.226926119040000263e-01 1.000000000000000000e+00
1.082700000000000000e+04 5.065800000000000000e+05 0.000000000000000000e+00 6.000000000000000000e+00 1.190528550800000057e-01 0.000000000000000000e+00
1.082700000000000000e+04 5.065580000000000000e+05 0.000000000000000000e+00 1.600000000000000000e+01 2.828296766710000076e-01 0.000000000000000000e+00
1.087500000000000000e+04 5.069580000000000000e+05 0.000000000000000000e+00 1.100000000000000000e+01 4.590946281909999982e-01 0.000000000000000000e+00
1.123000000000000000e+04 5.111560000000000000e+05 2.857142857139999825e-01 3.000000000000000000e+00 6.012281457629999881e-01 1.000000000000000000e+00
1.082300000000000000e+04 5.065770000000000000e+05 0.000000000000000000e+00 1.300000000000000000e+01 1.511884179459999922e-01 0.000000000000000000e+00
1.123700000000000000e+04 5.112310000000000000e+05 1.875000000000000000e-01 1.000000000000000000e+00 6.139543255399999566e-01 1.000000000000000000e+00
1.694800000000000000e+04 6.333720000000000000e+05 3.846153846150000000e-01 1.000000000000000000e+00 7.403159997860000452e-01 1.000000000000000000e+00
1.087700000000000000e+04 5.069630000000000000e+05 9.090909090910000157e-02 1.200000000000000000e+01 6.124286529569999971e-01 0.000000000000000000e+00
2.015000000000000000e+04 7.147860000000000000e+05 4.571428571430000143e-01 3.000000000000000000e+00 6.563956392619999525e-01 1.000000000000000000e+00
1.082300000000000000e+04 5.065620000000000000e+05 6.666666666670000296e-01 2.000000000000000000e+00 7.873079374700000521e-01 0.000000000000000000e+00
1.082800000000000000e+04 5.065880000000000000e+05 0.000000000000000000e+00 1.200000000000000000e+01 3.328388297839999788e-01 0.000000000000000000e+00
1.091100000000000000e+04 5.072380000000000000e+05 3.750000000000000000e-01 1.000000000000000000e+00 6.083269462010000295e-01 1.000000000000000000e+00
1.082800000000000000e+04 5.065890000000000000e+05 0.000000000000000000e+00 1.300000000000000000e+01 2.241842958539999875e-01 0.000000000000000000e+00
1.395300000000000000e+04 5.790640000000000000e+05 4.615384615379999889e-01 3.000000000000000000e+00 6.404700022649999491e-01 1.000000000000000000e+00
1.871200000000000000e+04 6.800280000000000000e+05 8.333333333329999426e-02 1.000000000000000000e+00 6.445693498079999584e-01 1.000000000000000000e+00
1.602900000000000000e+04 6.143300000000000000e+05 3.809523809520000137e-01 4.000000000000000000e+00 7.037169610610000126e-01 1.000000000000000000e+00
1.123200000000000000e+04 5.111730000000000000e+05 3.636363636359999929e-01 2.000000000000000000e+00 6.869784841989999835e-01 1.000000000000000000e+00
1.101400000000000000e+04 5.080970000000000000e+05 3.076923076920000111e-01 1.000000000000000000e+00 6.153422968859999509e-01 1.000000000000000000e+00
1.091900000000000000e+04 5.073180000000000000e+05 3.703703703699999794e-01 4.000000000000000000e+00 7.426457403830000192e-01 1.000000000000000000e+00
1.436100000000000000e+04 5.848160000000000000e+05 3.478260869570000136e-01 4.000000000000000000e+00 7.322293357489999543e-01 1.000000000000000000e+00
1.091200000000000000e+04 5.072400000000000000e+05 3.333333333330000259e-01 1.000000000000000000e+00 5.697354630719999591e-01 1.000000000000000000e+00
1.407300000000000000e+04 5.807480000000000000e+05 6.666666666670000296e-01 1.000000000000000000e+00 7.504619005770000184e-01 1.000000000000000000e+00
1.101600000000000000e+04 5.081000000000000000e+05 3.448275862069999920e-01 3.000000000000000000e+00 6.518424159410000085e-01 1.000000000000000000e+00
1.407500000000000000e+04 5.807540000000000000e+05 5.000000000000000000e-01 1.000000000000000000e+00 6.942785941610000178e-01 1.000000000000000000e+00
1.082800000000000000e+04 5.065730000000000000e+05 0.000000000000000000e+00 3.000000000000000000e+00 4.112022952039999790e-01 0.000000000000000000e+00
1.348700000000000000e+04 5.732430000000000000e+05 8.888888888889999729e-01 2.000000000000000000e+00 7.372858837000000332e-01 1.000000000000000000e+00
1.087900000000000000e+04 5.069610000000000000e+05 9.090909090910000157e-02 2.000000000000000000e+01 4.796340757059999738e-01 0.000000000000000000e+00
1.082400000000000000e+04 5.065620000000000000e+05 5.333333333330000370e-01 4.000000000000000000e+00 7.959342116909999820e-01 0.000000000000000000e+00
1.082400000000000000e+04 5.065570000000000000e+05 5.882352941180000183e-01 9.000000000000000000e+00 8.352198777410000385e-01 0.000000000000000000e+00
1.082700000000000000e+04 5.065470000000000000e+05 1.111111111109999994e-01 2.700000000000000000e+01 4.938624067140000018e-01 0.000000000000000000e+00
1.082700000000000000e+04 5.065590000000000000e+05 2.000000000000000111e-01 1.500000000000000000e+01 5.744485212840000354e-01 0.000000000000000000e+00
1.082700000000000000e+04 5.065910000000000000e+05 0.000000000000000000e+00 1.700000000000000000e+01 0.000000000000000000e+00 0.000000000000000000e+00
1.087100000000000000e+04 5.069380000000000000e+05 0.000000000000000000e+00 2.000000000000000000e+00 3.155575287319999922e-01 0.000000000000000000e+00
1.082300000000000000e+04 5.065650000000000000e+05 0.000000000000000000e+00 1.000000000000000000e+00 3.819355686800000038e-01 0.000000000000000000e+00
1.097900000000000000e+04 5.077440000000000000e+05 3.750000000000000000e-01 1.000000000000000000e+00 5.567777078490000475e-01 1.000000000000000000e+00
1.417700000000000000e+04 5.817100000000000000e+05 2.142857142859999897e-01 2.000000000000000000e+00 3.252361078220000201e-01 1.000000000000000000e+00
1.082400000000000000e+04 5.065900000000000000e+05 0.000000000000000000e+00 2.400000000000000000e+01 1.716272198040000030e-01 0.000000000000000000e+00
2.014900000000000000e+04 7.147750000000000000e+05 4.242424242419999825e-01 2.000000000000000000e+00 6.996625710870000292e-01 1.000000000000000000e+00
1.087500000000000000e+04 5.069610000000000000e+05 1.000000000000000056e-01 8.000000000000000000e+00 3.209097354920000256e-01 0.000000000000000000e+00
1.082300000000000000e+04 5.065600000000000000e+05 1.818181818179999965e-01 4.000000000000000000e+00 5.448713897179999766e-01 0.000000000000000000e+00
1.089700000000000000e+04 5.071640000000000000e+05 3.333333333330000259e-01 1.000000000000000000e+00 5.367706223239999686e-01 1.000000000000000000e+00
1.086700000000000000e+04 5.068900000000000000e+05 0.000000000000000000e+00 1.100000000000000000e+01 2.562248814790000218e-01 0.000000000000000000e+00
1.082400000000000000e+04 5.065850000000000000e+05 0.000000000000000000e+00 1.900000000000000000e+01 4.634129555359999819e-01 0.000000000000000000e+00
1.086700000000000000e+04 5.068990000000000000e+05 0.000000000000000000e+00 2.000000000000000000e+01 2.042871689740000107e-01 0.000000000000000000e+00
1.102000000000000000e+04 5.081340000000000000e+05 5.909090909090000121e-01 3.000000000000000000e+00 6.914924464699999662e-01 1.000000000000000000e+00
1.406200000000000000e+04 5.806860000000000000e+05 3.428571428569999746e-01 1.000000000000000000e+00 5.536807482190000407e-01 1.000000000000000000e+00
1.438700000000000000e+04 5.860380000000000000e+05 5.000000000000000000e-01 2.000000000000000000e+00 5.291327608289999596e-01 1.000000000000000000e+00
1.420400000000000000e+04 5.820580000000000000e+05 3.636363636359999929e-01 4.000000000000000000e+00 7.786275126660000545e-01 1.000000000000000000e+00
1.082400000000000000e+04 5.065770000000000000e+05 0.000000000000000000e+00 1.100000000000000000e+01 1.752355763750000073e-01 0.000000000000000000e+00
1.082400000000000000e+04 5.065860000000000000e+05 0.000000000000000000e+00 2.000000000000000000e+01 3.337392241330000009e-01 0.000000000000000000e+00
1.086700000000000000e+04 5.068700000000000000e+05 0.000000000000000000e+00 9.000000000000000000e+00 4.017463917329999745e-01 0.000000000000000000e+00
1.101100000000000000e+04 5.080900000000000000e+05 4.210526315790000251e-01 1.000000000000000000e+00 6.356068612780000349e-01 1.000000000000000000e+00
1.087900000000000000e+04 5.069570000000000000e+05 1.739130434779999901e-01 2.400000000000000000e+01 5.616629165390000233e-01 0.000000000000000000e+00
1.094500000000000000e+04 5.075410000000000000e+05 1.714285714290000040e-01 1.000000000000000000e+00 6.590116839120000458e-01 1.000000000000000000e+00
1.087500000000000000e+04 5.069680000000000000e+05 5.000000000000000000e-01 1.000000000000000000e+00 8.398912062710000015e-01 1.000000000000000000e+00
1.082300000000000000e+04 5.065690000000000000e+05 4.615384615379999889e-01 5.000000000000000000e+00 6.828178211690000277e-01 0.000000000000000000e+00
1.082400000000000000e+04 5.065880000000000000e+05 0.000000000000000000e+00 2.200000000000000000e+01 2.766076087850000143e-01 0.000000000000000000e+00
1.082300000000000000e+04 5.065560000000000000e+05 0.000000000000000000e+00 8.000000000000000000e+00 1.634491901740000031e-01 0.000000000000000000e+00
1.479700000000000000e+04 5.917970000000000000e+05 2.857142857139999825e-01 1.000000000000000000e+00 6.465460576510000390e-01 1.000000000000000000e+00
1.082300000000000000e+04 5.065470000000000000e+05 1.538461538460000055e-01 1.700000000000000000e+01 4.859008106100000113e-01 0.000000000000000000e+00
1.082700000000000000e+04 5.065720000000000000e+05 8.181818181819999758e-01 2.000000000000000000e+00 8.892958080609999483e-01 0.000000000000000000e+00
1.426500000000000000e+04 5.831600000000000000e+05 3.703703703699999794e-01 1.000000000000000000e+00 8.056862575250000047e-01 1.000000000000000000e+00
1.408500000000000000e+04 5.810660000000000000e+05 5.000000000000000000e-01 1.000000000000000000e+00 7.123125068410000038e-01 1.000000000000000000e+00
1.082700000000000000e+04 5.065530000000000000e+05 1.499999999999999944e-01 2.100000000000000000e+01 6.264661767470000031e-01 0.000000000000000000e+00
1.082300000000000000e+04 5.065750000000000000e+05 0.000000000000000000e+00 1.100000000000000000e+01 3.819355686800000038e-01 0.000000000000000000e+00
1.082400000000000000e+04 5.065560000000000000e+05 0.000000000000000000e+00 1.000000000000000000e+01 1.822896667789999925e-01 0.000000000000000000e+00
1.082300000000000000e+04 5.065590000000000000e+05 2.666666666670000074e-01 5.000000000000000000e+00 5.992499612330000058e-01 0.000000000000000000e+00
1.720600000000000000e+04 6.389150000000000000e+05 1.818181818179999965e-01 1.000000000000000000e+00 5.512562640529999891e-01 1.000000000000000000e+00
1.476400000000000000e+04 5.913300000000000000e+05 1.379310344830000090e-01 3.000000000000000000e+00 4.456857941130000222e-01 1.000000000000000000e+00
1.082300000000000000e+04 5.065670000000000000e+05 0.000000000000000000e+00 3.000000000000000000e+00 3.499972495500000003e-01 0.000000000000000000e+00
1.694400000000000000e+04 6.333560000000000000e+05 3.636363636359999929e-01 5.000000000000000000e+00 7.226926119040000263e-01 1.000000000000000000e+00
1.720800000000000000e+04 6.389250000000000000e+05 2.500000000000000000e-01 1.000000000000000000e+00 5.903576849099999579e-01 1.000000000000000000e+00
1.123400000000000000e+04 5.111880000000000000e+05 1.904761904760000069e-01 2.000000000000000000e+00 5.097669497169999842e-01 1.000000000000000000e+00
1.123300000000000000e+04 5.111810000000000000e+05 2.000000000000000111e-01 2.000000000000000000e+00 5.171173042359999972e-01 1.000000000000000000e+00
1.089600000000000000e+04 5.071350000000000000e+05 1.290322580649999884e-01 1.000000000000000000e+00 6.659870244760000002e-01 1.000000000000000000e+00
1.086800000000000000e+04 5.069000000000000000e+05 0.000000000000000000e+00 1.700000000000000000e+01 0.000000000000000000e+00 0.000000000000000000e+00
1.086700000000000000e+04 5.068750000000000000e+05 0.000000000000000000e+00 4.000000000000000000e+00 2.439853122260000062e-01 0.000000000000000000e+00
1.097500000000000000e+04 5.077120000000000000e+05 1.666666666670000019e-01 1.000000000000000000e+00 6.957301346640000217e-01 1.000000000000000000e+00
1.086800000000000000e+04 5.068890000000000000e+05 0.000000000000000000e+00 6.000000000000000000e+00 1.361625966889999928e-01 0.000000000000000000e+00
1.862900000000000000e+04 6.789750000000000000e+05 3.137254901959999898e-01 2.000000000000000000e+00 6.983989253800000352e-01 1.000000000000000000e+00
1.123400000000000000e+04 5.111930000000000000e+05 2.000000000000000111e-01 3.000000000000000000e+00 5.129583011830000094e-01 1.000000000000000000e+00
1.093300000000000000e+04 5.074630000000000000e+05 2.999999999999999889e-01 1.000000000000000000e+00 7.024860909769999884e-01 1.000000000000000000e+00
1.092400000000000000e+04 5.073910000000000000e+05 3.225806451609999903e-01 1.000000000000000000e+00 6.120569489549999576e-01 1.000000000000000000e+00
1.086700000000000000e+04 5.068800000000000000e+05 0.000000000000000000e+00 1.000000000000000000e+00 3.445370856910000001e-01 0.000000000000000000e+00
1.082700000000000000e+04 5.065900000000000000e+05 0.000000000000000000e+00 1.600000000000000000e+01 2.346205432590000028e-01 0.000000000000000000e+00
1.086800000000000000e+04 5.068970000000000000e+05 0.000000000000000000e+00 1.400000000000000000e+01 2.842680939850000255e-01 0.000000000000000000e+00
1.086700000000000000e+04 5.068720000000000000e+05 0.000000000000000000e+00 7.000000000000000000e+00 1.130938191960000061e-01 0.000000000000000000e+00
1.087100000000000000e+04 5.069510000000000000e+05 4.878048780489999819e-02 1.100000000000000000e+01 3.646058099600000268e-01 0.000000000000000000e+00
1.097800000000000000e+04 5.077420000000000000e+05 3.529411764709999844e-01 1.000000000000000000e+00 5.699637121249999661e-01 1.000000000000000000e+00
1.117700000000000000e+04 5.097890000000000000e+05 4.705882352940000124e-01 1.000000000000000000e+00 7.031497989089999789e-01 1.000000000000000000e+00
1.082700000000000000e+04 5.065500000000000000e+05 1.176470588240000059e-01 2.400000000000000000e+01 5.201245823450000305e-01 0.000000000000000000e+00
1.082400000000000000e+04 5.065510000000000000e+05 2.105263157889999959e-01 1.500000000000000000e+01 4.664913115920000242e-01 0.000000000000000000e+00
1.348400000000000000e+04 5.732340000000000000e+05 8.000000000000000444e-01 2.000000000000000000e+00 9.193376437350000430e-01 1.000000000000000000e+00
1.082300000000000000e+04 5.065900000000000000e+05 0.000000000000000000e+00 2.600000000000000000e+01 1.857177728459999955e-01 0.000000000000000000e+00
1.420100000000000000e+04 5.820430000000000000e+05 1.904761904760000069e-01 1.000000000000000000e+00 6.012902044329999640e-01 1.000000000000000000e+00
1.086800000000000000e+04 5.068910000000000000e+05 0.000000000000000000e+00 8.000000000000000000e+00 2.105589705179999882e-01 0.000000000000000000e+00
1.086700000000000000e+04 5.068770000000000000e+05 0.000000000000000000e+00 2.000000000000000000e+00 3.214733278460000232e-01 0.000000000000000000e+00
1.086800000000000000e+04 5.068850000000000000e+05 0.000000000000000000e+00 2.000000000000000000e+00 4.155052290060000098e-01 0.000000000000000000e+00
1.082300000000000000e+04 5.065730000000000000e+05 1.428571428569999913e-01 9.000000000000000000e+00 4.983164579520000248e-01 0.000000000000000000e+00
1.880600000000000000e+04 6.813610000000000000e+05 4.827586206899999732e-01 1.000000000000000000e+00 7.491743985409999862e-01 1.000000000000000000e+00
1.086700000000000000e+04 5.068780000000000000e+05 3.636363636359999929e-01 1.000000000000000000e+00 7.798432078220000063e-01 1.000000000000000000e+00
1.087700000000000000e+04 5.069590000000000000e+05 0.000000000000000000e+00 1.600000000000000000e+01 4.680752872030000122e-01 0.000000000000000000e+00
1.599800000000000000e+04 6.140400000000000000e+05 1.428571428569999913e-01 1.000000000000000000e+00 5.930622029659999850e-01 1.000000000000000000e+00
1.871100000000000000e+04 6.800170000000000000e+05 1.818181818179999965e-01 1.000000000000000000e+00 4.672788634080000114e-01 1.000000000000000000e+00
1.082400000000000000e+04 5.065630000000000000e+05 0.000000000000000000e+00 3.000000000000000000e+00 3.857765454620000201e-01 0.000000000000000000e+00
1.144100000000000000e+04 5.170960000000000000e+05 3.555555555559999914e-01 5.000000000000000000e+00 6.719995897639999827e-01 1.000000000000000000e+00
1.102200000000000000e+04 5.081420000000000000e+05 7.878787878790000088e-01 1.000000000000000000e+00 8.839076494130000405e-01 1.000000000000000000e+00
1.093900000000000000e+04 5.075030000000000000e+05 4.545454545450000050e-01 1.000000000000000000e+00 7.277401839049999488e-01 1.000000000000000000e+00
1.082700000000000000e+04 5.065780000000000000e+05 0.000000000000000000e+00 4.000000000000000000e+00 2.195498831000000095e-01 0.000000000000000000e+00
1.086800000000000000e+04 5.068960000000000000e+05 0.000000000000000000e+00 1.300000000000000000e+01 3.035169209069999985e-01 0.000000000000000000e+00
1.082800000000000000e+04 5.065710000000000000e+05 3.333333333330000259e-01 5.000000000000000000e+00 7.725314067449999822e-01 1.000000000000000000e+00
1.087900000000000000e+04 5.069600000000000000e+05 0.000000000000000000e+00 2.100000000000000000e+01 4.471619732639999789e-01 0.000000000000000000e+00
1.082800000000000000e+04 5.065570000000000000e+05 4.090909090909999879e-01 1.900000000000000000e+01 7.697538577220000011e-01 0.000000000000000000e+00
1.699600000000000000e+04 6.342930000000000000e+05 6.153846153850000000e-01 2.000000000000000000e+00 8.360371027630000285e-01 1.000000000000000000e+00
1.862500000000000000e+04 6.789590000000000000e+05 4.210526315790000251e-01 3.000000000000000000e+00 8.374037858339999918e-01 1.000000000000000000e+00
1.086700000000000000e+04 5.068820000000000000e+05 0.000000000000000000e+00 3.000000000000000000e+00 3.568061227939999802e-01 0.000000000000000000e+00
1.420200000000000000e+04 5.820470000000000000e+05 1.290322580649999884e-01 4.000000000000000000e+00 5.849763704920000196e-01 1.000000000000000000e+00
1.696600000000000000e+04 6.338590000000000000e+05 2.857142857139999825e-01 1.000000000000000000e+00 6.482306810169999878e-01 1.000000000000000000e+00
1.828100000000000000e+04 6.754510000000000000e+05 2.222222222219999987e-01 2.000000000000000000e+00 5.238277279780000351e-01 1.000000000000000000e+00
1.082800000000000000e+04 5.065470000000000000e+05 9.523809523810000677e-02 2.900000000000000000e+01 4.675701442469999969e-01 0.000000000000000000e+00
1.082800000000000000e+04 5.065600000000000000e+05 2.105263157889999959e-01 1.600000000000000000e+01 4.206651970029999799e-01 0.000000000000000000e+00
1.086800000000000000e+04 5.068720000000000000e+05 0.000000000000000000e+00 1.100000000000000000e+01 1.615909227220000133e-01 0.000000000000000000e+00
1.094400000000000000e+04 5.075350000000000000e+05 3.636363636359999929e-01 1.000000000000000000e+00 6.269773473390000129e-01 1.000000000000000000e+00
1.101000000000000000e+04 5.080870000000000000e+05 4.000000000000000222e-01 1.000000000000000000e+00 5.534925972380000392e-01 1.000000000000000000e+00
1.093000000000000000e+04 5.074340000000000000e+05 2.926829268289999897e-01 1.000000000000000000e+00 6.894590275319999462e-01 1.000000000000000000e+00
1.082400000000000000e+04 5.065720000000000000e+05 5.999999999999999778e-01 6.000000000000000000e+00 7.572371147419999504e-01 0.000000000000000000e+00
2.060300000000000000e+04 7.252520000000000000e+05 4.210526315790000251e-01 1.000000000000000000e+00 6.939426608359999804e-01 1.000000000000000000e+00
1.087500000000000000e+04 5.069570000000000000e+05 0.000000000000000000e+00 1.200000000000000000e+01 4.836885207700000189e-01 0.000000000000000000e+00
1.096900000000000000e+04 5.076770000000000000e+05 4.000000000000000222e-01 1.000000000000000000e+00 6.255927048489999809e-01 1.000000000000000000e+00
1.086700000000000000e+04 5.068870000000000000e+05 0.000000000000000000e+00 8.000000000000000000e+00 2.135235894089999864e-01 0.000000000000000000e+00
1.086800000000000000e+04 5.068900000000000000e+05 0.000000000000000000e+00 7.000000000000000000e+00 2.624469224550000090e-01 0.000000000000000000e+00
1.086700000000000000e+04 5.068710000000000000e+05 1.176470588240000059e-01 8.000000000000000000e+00 6.418531687349999793e-01 0.000000000000000000e+00
1.694600000000000000e+04 6.333680000000000000e+05 5.161290322579999978e-01 1.000000000000000000e+00 8.141129842690000284e-01 1.000000000000000000e+00
1.263900000000000000e+04 5.430800000000000000e+05 3.076923076920000111e-01 1.000000000000000000e+00 5.333313112380000387e-01 1.000000000000000000e+00
1.143900000000000000e+04 5.170860000000000000e+05 4.516129032260000065e-01 1.000000000000000000e+00 8.142248650000000199e-01 1.000000000000000000e+00
1.123800000000000000e+04 5.112310000000000000e+05 1.818181818179999965e-01 3.000000000000000000e+00 5.390589175919999754e-01 1.000000000000000000e+00
1.087700000000000000e+04 5.069580000000000000e+05 0.000000000000000000e+00 1.700000000000000000e+01 5.065731615840000091e-01 0.000000000000000000e+00
1.087500000000000000e+04 5.069600000000000000e+05 0.000000000000000000e+00 9.000000000000000000e+00 3.657715580859999815e-01 0.000000000000000000e+00
1.640300000000000000e+04 6.210530000000000000e+05 3.333333333330000259e-01 2.000000000000000000e+00 5.985285062430000247e-01 1.000000000000000000e+00
1.720700000000000000e+04 6.389180000000000000e+05 3.333333333330000259e-01 3.000000000000000000e+00 6.578868222020000101e-01 1.000000000000000000e+00
1.082800000000000000e+04 5.065630000000000000e+05 0.000000000000000000e+00 1.300000000000000000e+01 4.112022952039999790e-01 0.000000000000000000e+00
1.408700000000000000e+04 5.810780000000000000e+05 5.416666666670000296e-01 1.000000000000000000e+00 7.188734967119999597e-01 1.000000000000000000e+00
1.091600000000000000e+04 5.073120000000000000e+05 1.904761904760000069e-01 1.000000000000000000e+00 3.454367452359999868e-01 1.000000000000000000e+00
1.115900000000000000e+04 5.096020000000000000e+05 2.105263157889999959e-01 5.000000000000000000e+00 5.954628368269999639e-01 1.000000000000000000e+00
1.603600000000000000e+04 6.144340000000000000e+05 1.666666666670000019e-01 2.000000000000000000e+00 5.130128106069999916e-01 1.000000000000000000e+00
1.086800000000000000e+04 5.068800000000000000e+05 0.000000000000000000e+00 3.000000000000000000e+00 3.092835407960000116e-01 0.000000000000000000e+00
1.090200000000000000e+04 5.071750000000000000e+05 4.285714285710000016e-01 2.000000000000000000e+00 7.958384780080000054e-01 1.000000000000000000e+00
1.112700000000000000e+04 5.093660000000000000e+05 3.076923076920000111e-01 1.000000000000000000e+00 5.333313112380000387e-01 1.000000000000000000e+00
1.101200000000000000e+04 5.080920000000000000e+05 2.068965517240000107e-01 1.000000000000000000e+00 5.696276755269999992e-01 1.000000000000000000e+00
1.082400000000000000e+04 5.065670000000000000e+05 0.000000000000000000e+00 1.000000000000000000e+00 3.594365508230000228e-01 0.000000000000000000e+00
1.089600000000000000e+04 5.071380000000000000e+05 2.500000000000000000e-01 2.000000000000000000e+00 6.848020631950000325e-01 1.000000000000000000e+00
1.082800000000000000e+04 5.065500000000000000e+05 1.000000000000000056e-01 2.600000000000000000e+01 4.777274041760000145e-01 0.000000000000000000e+00
1.082300000000000000e+04 5.065820000000000000e+05 0.000000000000000000e+00 1.800000000000000000e+01 1.795311870880000049e-01 0.000000000000000000e+00
1.082700000000000000e+04 5.065520000000000000e+05 0.000000000000000000e+00 2.200000000000000000e+01 3.307460459889999815e-01 0.000000000000000000e+00
1.128500000000000000e+04 5.119040000000000000e+05 4.705882352940000124e-01 1.000000000000000000e+00 7.031497989089999789e-01 1.000000000000000000e+00
1.082300000000000000e+04 5.065700000000000000e+05 0.000000000000000000e+00 6.000000000000000000e+00 3.569606139140000245e-01 0.000000000000000000e+00
2.021800000000000000e+04 7.156990000000000000e+05 5.000000000000000000e-01 4.000000000000000000e+00 6.798483257980000305e-01 1.000000000000000000e+00
1.082800000000000000e+04 5.065690000000000000e+05 2.857142857139999825e-01 7.000000000000000000e+00 6.546734009539999510e-01 0.000000000000000000e+00
1.102100000000000000e+04 5.081390000000000000e+05 7.741935483870000523e-01 1.000000000000000000e+00 8.792033047380000133e-01 1.000000000000000000e+00
1.082800000000000000e+04 5.065520000000000000e+05 0.000000000000000000e+00 2.400000000000000000e+01 3.129202695159999936e-01 0.000000000000000000e+00
1.854800000000000000e+04 6.778260000000000000e+05 3.529411764709999844e-01 3.000000000000000000e+00 8.001650502810000454e-01 1.000000000000000000e+00
